5 fold Logistic regression result
['low', 'high', 'macro avg', 'weighted avg']

T1C and T2 features
0 [74.0, 28.0, 51.0, 65.0]
1 [82.0, 71.0, 76.0, 80.0]
2 [67.0, 28.0, 48.0, 59.0]
3 [96.0, 42.0, 69.0, 85.0]
4 [73.0, 49.0, 61.0, 68.0]

T1C only
0 [39.0, 57.0, 48.0, 42.0]
1 [67.0, 71.0, 69.0, 68.0]
2 [57.0, 57.0, 57.0, 57.0]
3 [82.0, 28.0, 55.0, 71.0]
4 [80.0, 74.0, 77.0, 78.0]

T2 only
0 [82.0, 42.0, 62.0, 74.0]
1 [57.0, 85.0, 71.0, 62.0]
2 [60.0, 42.0, 51.0, 57.0]
3 [67.0, 85.0, 76.0, 71.0]
4 [73.0, 37.0, 55.0, 65.0]

FD
0 [71.0, 71.0, 71.0, 71.0]
1 [71.0, 14.0, 42.0, 59.0]
2 [46.0, 85.0, 66.0, 54.0]
3 [64.0, 42.0, 53.0, 59.0]
4 [49.0, 87.0, 68.0, 57.0]

FD rescale
0 [67.0, 42.0, 55.0, 62.0]
1 [53.0, 57.0, 55.0, 54.0]
2 [42.0, 85.0, 64.0, 51.0]
3 [71.0, 57.0, 64.0, 68.0]
4 [69.0, 99.0, 84.0, 76.0]