box counting fractal dimension.
8568139/16788.0,3697.0,882.0,230.0,69.0,14.0,6.0,4.0,4.0,1.0
8407015/3958.0,710.0,143.0,38.0,9.0,3.0,2.0,2.0,2.0,1.0
8291438/6019.0,1011.0,195.0,57.0,11.0,4.0,1.0,1.0,1.0,1.0,1.0
8068153/389006.0,52032.0,7363.0,1158.0,213.0,42.0,16.0,6.0,4.0,1.0,1.0
8140751/21815.0,3197.0,538.0,104.0,32.0,7.0,4.0,4.0,2.0,1.0,1.0
3615883/30107.0,4592.0,763.0,157.0,34.0,12.0,4.0,3.0,3.0,1.0,1.0
1808706/37318.0,6028.0,1114.0,226.0,54.0,12.0,4.0,4.0,2.0,1.0,1.0
8282413/67726.0,9962.0,1658.0,335.0,71.0,15.0,6.0,2.0,1.0,1.0,1.0
8166871/79722.0,12205.0,2047.0,418.0,102.0,36.0,18.0,6.0,3.0,1.0,1.0
7614402/61717.0,8950.0,1418.0,263.0,52.0,11.0,5.0,3.0,3.0,1.0,1.0
3318084/7269.0,1235.0,221.0,51.0,10.0,5.0,4.0,4.0,2.0,1.0
8343189/17515.0,2835.0,502.0,98.0,29.0,8.0,4.0,4.0,4.0,1.0,1.0
7646993/17130.0,2699.0,499.0,117.0,30.0,7.0,4.0,4.0,2.0,1.0,1.0
8353252/4400.0,749.0,148.0,29.0,10.0,6.0,2.0,1.0,1.0,1.0,1.0
7700438/63508.0,9808.0,1667.0,320.0,56.0,19.0,7.0,3.0,3.0,1.0,1.0
8342393/128472.0,17859.0,2637.0,449.0,102.0,24.0,8.0,5.0,3.0,1.0,1.0
8297255/157144.0,21826.0,3231.0,545.0,100.0,20.0,8.0,4.0,2.0,1.0,1.0
8234405/387080.0,53417.0,7733.0,1255.0,213.0,65.0,21.0,4.0,4.0,1.0,1.0
8325363/171011.0,23235.0,3438.0,583.0,109.0,32.0,13.0,4.0,2.0,1.0,1.0
3615056/58209.0,8530.0,1399.0,289.0,61.0,21.0,4.0,1.0,1.0,1.0,1.0
4045934/22456.0,3403.0,564.0,111.0,20.0,8.0,4.0,2.0,1.0,1.0,1.0
8501307/188509.0,26933.0,4138.0,741.0,138.0,43.0,10.0,4.0,3.0,1.0
8595906/77096.0,10841.0,1668.0,326.0,71.0,13.0,6.0,2.0,2.0,1.0
8350480/18416.0,2995.0,527.0,115.0,34.0,13.0,9.0,3.0,1.0,1.0,1.0
7624578/10884.0,1830.0,365.0,85.0,23.0,11.0,8.0,2.0,1.0,1.0,1.0
1550930/8056.0,1241.0,254.0,57.0,23.0,8.0,2.0,2.0,1.0,1.0,1.0
8517502/218211.0,30818.0,4659.0,788.0,165.0,34.0,8.0,4.0,2.0,1.0
8294685/135154.0,19115.0,2941.0,518.0,100.0,33.0,13.0,4.0,4.0,1.0,1.0
8319432/37356.0,5362.0,860.0,170.0,47.0,13.0,6.0,3.0,2.0,1.0,1.0
8150842/21039.0,3361.0,555.0,104.0,35.0,8.0,4.0,2.0,2.0,1.0,1.0
7415880/27426.0,4002.0,679.0,120.0,25.0,10.0,4.0,4.0,2.0,1.0,1.0
8300042/80867.0,11676.0,1750.0,316.0,76.0,30.0,16.0,3.0,2.0,1.0
7987834/23413.0,3397.0,624.0,121.0,20.0,9.0,4.0,2.0,2.0,1.0
7380907/103997.0,14625.0,2185.0,402.0,84.0,22.0,10.0,2.0,2.0,1.0
8165165/25724.0,4068.0,695.0,166.0,39.0,14.0,5.0,2.0,2.0,1.0,1.0
5838522/42783.0,6139.0,940.0,159.0,37.0,9.0,5.0,3.0,1.0
8205694/16453.0,2415.0,407.0,84.0,17.0,5.0,4.0,2.0,1.0,1.0,1.0
8221826/13422.0,2061.0,376.0,77.0,26.0,12.0,8.0,4.0,1.0,1.0,1.0
8281598/14405.0,2351.0,417.0,91.0,30.0,6.0,2.0,1.0,1.0,1.0,1.0
5439413/7018.0,1317.0,276.0,75.0,26.0,10.0,4.0,1.0,1.0,1.0,1.0
8353252/6052.0,1079.0,217.0,56.0,19.0,6.0,2.0,2.0,2.0,1.0,1.0
8561102/195643.0,27268.0,3986.0,668.0,148.0,36.0,8.0,4.0,2.0,1.0
8601186/4982.0,817.0,160.0,36.0,14.0,4.0,3.0,3.0,2.0,1.0
8154435/11634.0,1842.0,346.0,60.0,16.0,6.0,2.0,1.0,1.0,1.0,1.0
8239152/9628.0,1601.0,288.0,83.0,15.0,7.0,3.0,2.0,2.0,1.0,1.0
5596598/60078.0,8968.0,1526.0,293.0,62.0,23.0,10.0,2.0,1.0,1.0,1.0
8319432/37356.0,5362.0,860.0,170.0,47.0,13.0,6.0,3.0,2.0,1.0,1.0
7521746/59642.0,9164.0,1534.0,276.0,67.0,20.0,8.0,1.0,1.0,1.0
8318154/11848.0,1879.0,352.0,72.0,14.0,6.0,4.0,4.0,2.0,1.0,1.0
3933890/4623.0,802.0,148.0,26.0,11.0,4.0,4.0,2.0,1.0,1.0,1.0
3871328/47625.0,6985.0,1156.0,217.0,40.0,17.0,7.0,2.0,1.0,1.0,1.0
5745327/267547.0,38256.0,5959.0,1053.0,218.0,51.0,13.0,4.0,2.0,1.0,1.0
8513629/7548.0,1172.0,227.0,51.0,21.0,6.0,2.0,2.0,2.0,1.0
8282413/67726.0,9962.0,1658.0,335.0,71.0,15.0,6.0,2.0,1.0,1.0,1.0
8590303/338806.0,46192.0,6598.0,1070.0,200.0,45.0,9.0,4.0,2.0,1.0
8343189/17515.0,2835.0,502.0,98.0,29.0,8.0,4.0,4.0,4.0,1.0,1.0
8113948/26020.0,4018.0,683.0,150.0,36.0,16.0,4.0,4.0,4.0,1.0,1.0
8294685/135154.0,19115.0,2941.0,518.0,100.0,33.0,13.0,4.0,4.0,1.0,1.0
8154435/11634.0,1842.0,346.0,60.0,16.0,6.0,2.0,1.0,1.0,1.0,1.0
5252182/136452.0,19316.0,2943.0,487.0,105.0,22.0,12.0,3.0,2.0,1.0
7510793/84446.0,11815.0,1803.0,316.0,72.0,14.0,6.0,2.0,2.0,1.0,1.0
8140751/21815.0,3197.0,538.0,104.0,32.0,7.0,4.0,4.0,2.0,1.0,1.0
8184262/34887.0,5231.0,910.0,175.0,38.0,16.0,10.0,4.0,4.0,1.0,1.0
2145184/41498.0,6052.0,999.0,210.0,54.0,9.0,4.0,2.0,2.0,1.0
8112441/38799.0,5860.0,946.0,182.0,51.0,20.0,4.0,2.0,2.0,1.0,1.0
8283168/35113.0,5292.0,864.0,149.0,44.0,17.0,4.0,2.0,2.0,1.0,1.0
8283257/131884.0,18495.0,2800.0,478.0,100.0,24.0,10.0,4.0,4.0,1.0,1.0
7643748/77147.0,11511.0,2001.0,385.0,82.0,29.0,13.0,4.0,2.0,1.0,1.0
7579541/8240.0,1792.0,399.0,120.0,37.0,17.0,6.0,2.0,2.0,1.0,1.0
8218463/694.0,148.0,40.0,9.0,5.0,2.0,1.0,1.0,1.0,1.0
8291438/6019.0,1011.0,195.0,57.0,11.0,4.0,1.0,1.0,1.0,1.0,1.0
8318154/11848.0,1879.0,352.0,72.0,14.0,6.0,4.0,4.0,2.0,1.0,1.0
8405996/75649.0,11115.0,1752.0,312.0,72.0,27.0,6.0,4.0,4.0,1.0
8234405/392665.0,53657.0,7747.0,1259.0,219.0,69.0,24.0,5.0,4.0,1.0,1.0
8350480/18416.0,2995.0,527.0,115.0,34.0,13.0,9.0,3.0,1.0,1.0,1.0
5838522/108305.0,15027.0,2246.0,399.0,71.0,27.0,8.0,2.0,1.0,1.0,1.0
8294041/31927.0,4818.0,790.0,175.0,44.0,19.0,8.0,1.0,1.0,1.0,1.0
5745327/258551.0,37682.0,5901.0,1041.0,211.0,52.0,12.0,4.0,2.0,1.0,1.0
8150735/35560.0,5148.0,880.0,178.0,44.0,10.0,4.0,1.0,1.0,1.0
8303678/11931.0,1979.0,417.0,91.0,31.0,8.0,4.0,2.0,2.0,1.0,1.0
8184262/34887.0,5231.0,910.0,175.0,38.0,16.0,10.0,4.0,4.0,1.0,1.0
8281598/14405.0,2351.0,417.0,91.0,30.0,6.0,2.0,1.0,1.0,1.0,1.0
8465410/2805.0,720.0,206.0,73.0,20.0,7.0,4.0,2.0,2.0,1.0
7592153/174945.0,24360.0,3627.0,609.0,116.0,24.0,9.0,4.0,2.0,1.0,1.0
8215366/87921.0,12336.0,1856.0,322.0,56.0,22.0,10.0,2.0,2.0,1.0,1.0
7441808/28230.0,4151.0,707.0,128.0,25.0,10.0,4.0,4.0,2.0,1.0,1.0
8131213/53288.0,8017.0,1350.0,285.0,71.0,25.0,12.0,3.0,2.0,1.0,1.0
8597469/10601.0,1787.0,294.0,60.0,23.0,4.0,1.0,1.0,1.0,1.0
8150842/21039.0,3361.0,555.0,104.0,35.0,8.0,4.0,2.0,2.0,1.0,1.0
7395931/217710.0,30171.0,4468.0,727.0,157.0,36.0,8.0,3.0,3.0,1.0,1.0
7504333/21400.0,3396.0,600.0,143.0,35.0,8.0,4.0,1.0,1.0,1.0,1.0
8305435/132789.0,20560.0,3539.0,724.0,170.0,51.0,19.0,6.0,3.0,1.0,1.0
8175429/9354.0,1452.0,268.0,70.0,24.0,12.0,2.0,1.0,1.0,1.0,1.0
8381229/66681.0,9752.0,1586.0,285.0,63.0,13.0,4.0,1.0,1.0,1.0
8394767/18987.0,2836.0,458.0,97.0,20.0,9.0,4.0,2.0,2.0,1.0
8071747/76536.0,10946.0,1692.0,310.0,62.0,13.0,6.0,4.0,4.0,1.0
3129082/61915.0,8978.0,1415.0,281.0,61.0,22.0,10.0,4.0,4.0,1.0,1.0
1791830/27618.0,4051.0,679.0,143.0,29.0,12.0,7.0,4.0,4.0,1.0,1.0
3857087/44159.0,6261.0,967.0,167.0,50.0,17.0,9.0,3.0,3.0,1.0,1.0
8122230/35611.0,5205.0,862.0,170.0,46.0,17.0,5.0,2.0,2.0,1.0,1.0
8582082/80823.0,11523.0,1770.0,318.0,71.0,15.0,5.0,2.0,2.0,1.0
8330858/61329.0,8703.0,1391.0,265.0,59.0,12.0,4.0,2.0,2.0,1.0,1.0
8175130/202094.0,27754.0,4009.0,651.0,119.0,25.0,11.0,4.0,2.0,1.0,1.0
8057417/59221.0,9099.0,1525.0,325.0,87.0,18.0,6.0,4.0,4.0,1.0
4232336/40565.0,6013.0,945.0,201.0,48.0,17.0,4.0,1.0,1.0,1.0,1.0
8333022/167036.0,23148.0,3445.0,618.0,116.0,20.0,6.0,2.0,1.0,1.0,1.0
8118546/31646.0,4864.0,809.0,171.0,30.0,10.0,4.0,2.0,2.0,1.0,1.0
8283168/35113.0,5292.0,864.0,149.0,44.0,17.0,4.0,2.0,2.0,1.0,1.0
5209155/18353.0,2772.0,501.0,102.0,19.0,7.0,3.0,2.0,2.0,1.0
8172610/57320.0,8047.0,1324.0,262.0,59.0,11.0,6.0,4.0,4.0,1.0,1.0
3834011/106080.0,15507.0,2422.0,431.0,104.0,36.0,15.0,2.0,2.0,1.0,1.0
8184414/70578.0,11092.0,1808.0,347.0,87.0,33.0,8.0,4.0,4.0,1.0,1.0
8184414/70578.0,11092.0,1808.0,347.0,87.0,33.0,8.0,4.0,4.0,1.0,1.0
6651225/891758.0,122830.0,18528.0,2964.0,555.0,83.0,41.0,16.0,4.0,1.0
8294462/96949.0,13842.0,2153.0,389.0,100.0,34.0,15.0,4.0,2.0,1.0,1.0
8501307/183937.0,26341.0,4020.0,735.0,143.0,45.0,11.0,5.0,4.0,1.0
8117717/21123.0,3307.0,606.0,114.0,39.0,16.0,4.0,3.0,2.0,1.0,1.0
8205694/16453.0,2415.0,407.0,84.0,17.0,5.0,4.0,2.0,1.0,1.0,1.0
8150735/35560.0,5148.0,880.0,178.0,44.0,10.0,4.0,1.0,1.0,1.0
5420525/238338.0,33106.0,4853.0,824.0,160.0,44.0,18.0,4.0,4.0,1.0,1.0
5201462/16307.0,2501.0,422.0,84.0,26.0,8.0,4.0,2.0,2.0,1.0,1.0
8137813/28743.0,4437.0,805.0,171.0,29.0,12.0,4.0,2.0,2.0,1.0,1.0
8294041/31927.0,4818.0,790.0,175.0,44.0,19.0,8.0,1.0,1.0,1.0,1.0
8249821/134104.0,18756.0,2866.0,493.0,113.0,29.0,12.0,2.0,2.0,1.0,1.0
8253501/42171.0,6253.0,1010.0,203.0,45.0,16.0,7.0,2.0,1.0,1.0,1.0
8297255/157144.0,21826.0,3231.0,545.0,100.0,20.0,8.0,4.0,2.0,1.0,1.0
8325616/9806.0,1571.0,275.0,63.0,24.0,8.0,8.0,2.0,2.0,1.0,1.0
7465069/103722.0,14922.0,2301.0,418.0,87.0,24.0,7.0,4.0,4.0,1.0,1.0
8172610/57320.0,8047.0,1324.0,262.0,59.0,11.0,6.0,4.0,4.0,1.0,1.0
8065197/24353.0,3531.0,569.0,95.0,17.0,8.0,4.0,4.0,4.0,1.0
8144486/1388.0,287.0,79.0,26.0,9.0,4.0,2.0,2.0,1.0,1.0,1.0
8495678/199897.0,27236.0,3957.0,642.0,112.0,24.0,11.0,4.0,2.0,1.0,1.0
8551979/3572.0,656.0,135.0,26.0,9.0,4.0,2.0,2.0,2.0,1.0
8175130/202094.0,27754.0,4009.0,651.0,119.0,25.0,11.0,4.0,2.0,1.0,1.0
5995454/103741.0,14649.0,2244.0,393.0,79.0,24.0,8.0,1.0,1.0,1.0,1.0
8269734/16899.0,3221.0,690.0,186.0,47.0,15.0,5.0,2.0,1.0,1.0,1.0
4016947/11552.0,1760.0,315.0,67.0,16.0,5.0,2.0,2.0,1.0,1.0
1733705/1054.0,254.0,68.0,17.0,10.0,2.0,2.0,1.0,1.0,1.0,1.0
8591851/59734.0,8465.0,1359.0,244.0,61.0,22.0,6.0,3.0,3.0,1.0
8333022/167036.0,23148.0,3445.0,618.0,116.0,20.0,6.0,2.0,1.0,1.0,1.0
8330858/61329.0,8703.0,1391.0,265.0,59.0,12.0,4.0,2.0,2.0,1.0,1.0
8162213/24348.0,3707.0,626.0,127.0,29.0,11.0,8.0,4.0,2.0,1.0,1.0
8074536/28031.0,4309.0,734.0,150.0,33.0,9.0,4.0,2.0,2.0,1.0,1.0
8353252/4400.0,749.0,148.0,29.0,10.0,6.0,2.0,1.0,1.0,1.0,1.0
8580290/17906.0,2650.0,452.0,91.0,34.0,8.0,4.0,1.0,1.0,1.0
8277429/10520.0,1646.0,283.0,71.0,12.0,6.0,2.0,1.0,1.0,1.0,1.0
5876859/90999.0,13873.0,2384.0,444.0,95.0,26.0,10.0,5.0,4.0,1.0,1.0
8166969/14710.0,2235.0,399.0,77.0,17.0,6.0,2.0,2.0,2.0,1.0,1.0
8231769/8830.0,1372.0,250.0,68.0,25.0,6.0,3.0,3.0,2.0,1.0,1.0
8321464/73472.0,10744.0,1750.0,321.0,82.0,17.0,6.0,4.0,4.0,1.0,1.0
8315752/152081.0,21832.0,3305.0,574.0,118.0,34.0,8.0,3.0,2.0,1.0,1.0
8162213/24348.0,3707.0,626.0,127.0,29.0,11.0,8.0,4.0,2.0,1.0,1.0
8057730/167826.0,23267.0,3509.0,585.0,112.0,19.0,7.0,4.0,2.0,1.0,1.0
8234405/392665.0,53657.0,7747.0,1259.0,219.0,69.0,24.0,5.0,4.0,1.0,1.0
5420525/226628.0,30949.0,4509.0,746.0,145.0,40.0,15.0,4.0,4.0,1.0,1.0
4045934/9454.0,1412.0,243.0,49.0,15.0,4.0,3.0,2.0,1.0
8239152/9628.0,1601.0,288.0,83.0,15.0,7.0,3.0,2.0,2.0,1.0,1.0
8583382/43057.0,6338.0,1029.0,204.0,46.0,21.0,6.0,4.0,4.0,1.0
8277429/10520.0,1646.0,283.0,71.0,12.0,6.0,2.0,1.0,1.0,1.0,1.0
5474491/28548.0,4244.0,814.0,180.0,52.0,9.0,4.0,1.0,1.0,1.0,1.0
7544947/171292.0,23945.0,3559.0,587.0,112.0,37.0,8.0,4.0,2.0,1.0
4345591/40525.0,5939.0,945.0,203.0,47.0,16.0,4.0,1.0,1.0,1.0,1.0
7539449/15040.0,2551.0,482.0,121.0,22.0,9.0,5.0,2.0,2.0,1.0,1.0
8394767/18987.0,2836.0,458.0,97.0,20.0,9.0,4.0,2.0,2.0,1.0
3857081/9579.0,1590.0,287.0,66.0,24.0,12.0,4.0,1.0,1.0,1.0,1.0
4413254/22896.0,3417.0,607.0,133.0,45.0,8.0,4.0,1.0,1.0,1.0,1.0
8321911/7384.0,1266.0,267.0,58.0,22.0,8.0,5.0,3.0,2.0,1.0,1.0
8154779/79819.0,11233.0,1793.0,322.0,74.0,25.0,6.0,3.0,2.0,1.0,1.0
5881597/170443.0,23367.0,3455.0,576.0,105.0,36.0,13.0,4.0,2.0,1.0,1.0
8231769/8830.0,1372.0,250.0,68.0,25.0,6.0,3.0,3.0,2.0,1.0,1.0
5589934/52086.0,7604.0,1171.0,212.0,53.0,11.0,4.0,4.0,2.0,1.0,1.0
8166969/14710.0,2235.0,399.0,77.0,17.0,6.0,2.0,2.0,2.0,1.0,1.0
8315752/152081.0,21832.0,3305.0,574.0,118.0,34.0,8.0,3.0,2.0,1.0,1.0
4043574/10406.0,2304.0,535.0,134.0,43.0,10.0,4.0,2.0,1.0,1.0
8221826/13422.0,2061.0,376.0,77.0,26.0,12.0,8.0,4.0,1.0,1.0,1.0
2431533/39861.0,5958.0,1023.0,193.0,39.0,10.0,5.0,2.0,2.0,1.0
8175429/9354.0,1452.0,268.0,70.0,24.0,12.0,2.0,1.0,1.0,1.0,1.0
8269734/16899.0,3221.0,690.0,186.0,47.0,15.0,5.0,2.0,1.0,1.0,1.0
8165165/25724.0,4068.0,695.0,166.0,39.0,14.0,5.0,2.0,2.0,1.0,1.0
8253501/42171.0,6253.0,1010.0,203.0,45.0,16.0,7.0,2.0,1.0,1.0,1.0
