class count :  131 33 98
subjects with no mask files :  63 [1848859, 2116712, 2314206, 2421605, 2514398, 2810036, 3139860, 3423011, 3589230, 5048119, 5086386, 5184330, 5246937, 5630717, 5650198, 5658303, 5664720, 5671126, 5685735, 5689974, 5698870, 5750697, 5784265, 5792166, 5793233, 5857079, 5866175, 5886187, 5898732, 6139047, 6818236, 7361252, 7370640, 7618617, 7664560, 7666253, 7672429, 7742174, 7746435, 7752732, 7779255, 7788246, 7818398, 7828348, 7885354, 7950833, 7972124, 7987012, 8012944, 8049385, 8411608, 8433669, 8445517, 8453071, 8458754, 8478900, 8482911, 8483944, 8519089, 8521353, 8550173, 8580209, 8621882]

FD
box size : [1, 2, 4, 8, 16, 32, 64, 128, 256]
statistics :  [2.7005057 2.8067431 3.0701363 2.9736354 2.7403753 2.9167504 3.7328677
 3.8298798 1.734967 ]
p value :  [0.00785285 0.00578143 0.00260934 0.00351319 0.0070073  0.00417301
 0.00028278 0.00019915 0.08513499]

Lac
box size : [2, 4, 8, 16, 32]
statistics :  [-2.790699   -3.1438231  -2.9144642  -0.9979631   0.21716711]
p value :  [0.00605838 0.0020697  0.00420176 0.32016556 0.82842121]
inverse : [1.07322936e-04 1.87779130e-05 1.96027605e-04 4.07332523e-01 2.67978512e-01]
5 fold logistic regression

pvalue :

0.0064570223335486876
0.004506237273246861
0.002037259646617995
0.002215029181180841
0.008631192197673908
0.0070482147472661644
0.0001582448416503259
5.756981125501112e-05
0.08417270592251981
0.8668591118159324

0.0006756883330911401
0.0001689885449266558
0.0007005673367146754
0.3733127792951566
0.7023191642118384
0.4232834999160542
0.5349485255920023
0.11652628917434751
0.0068309332997895916

1. FD
train accur / low accur / high / macro / weighted avg
0 [80. 84. 33. 58. 71.]
1 [75. 47. 83. 65. 56.]
2 [73. 73. 66. 70. 71.]
3 [75. 63. 66. 64. 64.]
4 [73. 81. 77. 79. 80.]
avg :  [75 69 65 67 68]

2. Lac
log 3
0 [66. 63. 33. 48. 56.]
1 [66. 42. 66. 54. 47.]
2 [63. 63. 83. 73. 68.]
3 [60. 78. 66. 72. 75.]
4 [60. 63. 77. 70. 67.]
avg :  [63 61 65 63 62]

3. FD + lac
use only 3 lac
0 [78. 78. 33. 56. 68.]
1 [76. 52. 49. 51. 52.]
2 [66. 78. 83. 81. 80.]
3 [74. 68. 66. 67. 68.]
4 [72. 86. 77. 82. 83.]
avg :  [73 72 61 67 70]