FD
box size : [1, 2, 4, 8, 16, 32, 64, 128, 256]
statistics :  [2.7005057 2.8067431 3.0701363 2.9736354 2.7403753 2.9167504 3.7328677
 3.8298798 1.734967 ]
p value :  [0.00785285 0.00578143 0.00260934 0.00351319 0.0070073  0.00417301
 0.00028278 0.00019915 0.08513499]

Lac
box size : [2, 4, 8, 16, 32]
statistics :  [-2.790699   -3.1438231  -2.9144642  -0.9979631   0.21716711]
p value :  [0.00605838 0.0020697  0.00420176 0.32016556 0.82842121]
inverse : [1.07322936e-04 1.87779130e-05 1.96027605e-04 4.07332523e-01 2.67978512e-01]
5 fold logistic regression

1. FD
train accur / low accur / high / macro / weighted avg
0 [68. 63. 66. 64. 64.]
1 [74. 73. 49. 61. 68.]
2 [68. 68. 99. 84. 75.]
3 [70. 57. 66. 62. 59.]
4 [72. 82. 62. 72. 77.]
avg :  [70 68 68 68 68]

2. Lac
log
0 [71. 63. 49. 56. 59.]
1 [68. 57. 66. 62. 59.]
2 [63. 73. 99. 86. 80.]
3 [72. 52. 49. 51. 52.]
4 [66. 69. 62. 66. 67.]
avg :  [68 62 65 64 63]

3. FD + lac
use only 3 lac
0 [79. 73. 49. 61. 68.]
1 [72. 57. 66. 62. 59.]
2 [67. 84. 99. 92. 87.]
3 [75. 73. 66. 70. 71.]
4 [72. 78. 62. 70. 74.]
avg :  [73 73 68 71 71]