181
1550930 (512, 512, 20)
1733705 (512, 512, 23)
1791830 (256, 256, 160)
1808706 (256, 256, 160)
1848859 (280, 320, 22)
2116712 (512, 512, 196)
2145184 (240, 240, 180)
2314206 (256, 256, 170)
2421605 (512, 512, 20)
2431533 (448, 448, 170)
2514398 (1024, 1024, 170)
2810036 (1024, 1024, 170)
3129082 (256, 256, 20)
3139860 (256, 256, 160)
3318084 (1024, 1024, 170)
3423011 (256, 256, 160)
3589230 (512, 512, 184)
3615056 (256, 256, 180)
3615883 (256, 256, 170)
3834011 (256, 256, 20)
3857081 (560, 560, 100)
3857087 (448, 448, 150)
3871328 (512, 512, 20)
3933890 (256, 256, 170)
4016947 (256, 256, 162)
4043574 (448, 448, 170)
4045934 (256, 256, 170)
4232336 (256, 256, 200)
4345591 (256, 256, 170)
4413254 (256, 256, 160)
5048119 (512, 512, 225)
5086386 (256, 256, 180)
5184330 (240, 240, 180)
5201462 (256, 256, 160)
5209155 (256, 256, 180)
5246937 (256, 256, 170)
5252182 (240, 240, 180)
5420525 (512, 512, 20)
5439413 (512, 512, 24)
5474491 (512, 512, 225)
5589934 (224, 224, 180)
5596598 (512, 512, 21)
5630717 (256, 256, 20)
5650198 (256, 256, 170)
5658303 (256, 256, 171)
5671126 (256, 256, 170)
5685735 (256, 256, 20)
5689974 (256, 256, 170)
5698870 (256, 256, 170)
5750697 (256, 256, 180)
5784265 (256, 256, 170)
5792166 (256, 256, 200)
5793233 (256, 256, 170)
5838522 (256, 256, 200)
5857079 (256, 256, 170)
5866175 (256, 256, 170)
5876859 (256, 256, 160)
5881597 (256, 256, 170)
5886187 (448, 448, 170)
5898732 (512, 512, 21)
5995454 (256, 256, 170)
7361252 (512, 512, 225)
7370640 (256, 256, 170)
7395931 (256, 256, 170)
7415880 (512, 512, 170)
7441808 (256, 256, 170)
7465069 (256, 256, 170)
7504333 (256, 256, 160)
7510793 (256, 256, 160)
7521746 (256, 256, 170)
7539449 (256, 256, 170)
7544947 (256, 256, 170)
7579541 (256, 256, 170)
7592153 (512, 512, 45)
7614402 (256, 256, 170)
7618617 (512, 512, 24)
7624578 (256, 256, 170)
7643748 (256, 256, 170)
7646993 (256, 256, 180)
7664560 (512, 512, 92)
7666253 (256, 256, 170)
7672429 (464, 512, 19)
7700438 (256, 256, 170)
7742174 (256, 256, 170)
7752732 (408, 512, 46)
7779255 (256, 256, 160)
7788246 (256, 256, 175)
7818398 (256, 256, 170)
7828348 (256, 256, 170)
7885354 (256, 256, 180)
7950833 (256, 256, 175)
7972124 (256, 256, 170)
7987834 (1024, 1024, 180)
8049385 (512, 512, 170)
8057417 (1024, 1024, 180)
8057730 (416, 512, 25)
8065197 (408, 512, 20)
8071747 (512, 512, 194)
8074536 (256, 256, 160)
8112441 (256, 256, 170)
8113948 (512, 512, 191)
8117717 (256, 256, 170)
8118546 (512, 512, 195)
8122230 (256, 256, 160)
8131213 (256, 256, 180)
8137813 (512, 512, 200)
8140751 (512, 512, 187)
8144486 (448, 448, 170)
8150735 (256, 256, 170)
8150842 (256, 256, 180)
8154435 (512, 512, 184)
8154779 (512, 512, 200)
8162213 (256, 256, 170)
8166871 (512, 512, 22)
8172610 (256, 256, 160)
8175130 (256, 256, 160)
8175429 (512, 512, 195)
8184262 (512, 512, 205)
8184414 (512, 512, 186)
8205694 (448, 448, 150)
8215366 (448, 448, 150)
8218463 (512, 512, 225)
8231769 (448, 448, 150)
8234405 (384, 384, 200)
8239152 (512, 512, 165)
8249821 (448, 448, 170)
8253501 (256, 256, 160)
8269734 (512, 512, 225)
8277429 (256, 256, 170)
8281598 (256, 256, 170)
8282413 (512, 512, 225)
8283168 (512, 512, 225)
8291438 (256, 256, 155)
8294041 (256, 256, 175)
8294685 (512, 512, 210)
8297255 (256, 256, 160)
8300042 (512, 512, 179)
8303678 (256, 256, 180)
8305435 (512, 512, 22)
8315752 (256, 256, 170)
8318154 (512, 512, 200)
8319432 (448, 448, 170)
8321464 (512, 512, 225)
8325363 (448, 448, 170)
8325616 (512, 512, 225)
8330858 (256, 256, 178)
8333022 (512, 512, 225)
8342393 (384, 384, 243)
8343189 (256, 256, 158)
8350480 (256, 256, 175)
8353252 (512, 512, 225)
8381229 (256, 256, 159)
8394767 (1024, 1024, 170)
8405996 (512, 512, 188)
8407015 (256, 256, 170)
8411608 (240, 240, 180)
8433669 (448, 448, 170)
8445517 (1024, 1024, 170)
8453071 (512, 512, 225)
8458754 (480, 480, 170)
8465410 (1024, 1024, 170)
8478900 (1024, 1024, 170)
8482911 (512, 512, 225)
8483944 (1024, 1024, 170)
8495678 (256, 256, 171)
8501307 (512, 512, 225)
8513629 (1024, 1024, 170)
8517502 (1024, 1024, 170)
8519089 (256, 256, 18)
8521353 (1024, 1024, 170)
8550173 (512, 512, 225)
8551979 (1024, 1024, 170)
8561102 (1024, 1024, 180)
8580209 (1024, 1024, 170)
8582082 (1024, 1024, 170)
8583382 (512, 512, 225)
8591851 (1024, 1024, 50)
8595906 (1024, 1024, 170)
8597469 (1024, 1024, 170)
8601186 (280, 320, 22)
8621882 (1024, 1024, 180)