8319432 [2.8004966, 2.72043, 2.4895823]
8321464 [2.7736633, 2.6958838, 2.532407]
8321911 [2.5441256, 2.3947456, 2.2240405]
8325363 [2.8797174, 2.8181882, 2.6583304]
8325616 [2.6419823, 2.578081, 2.3200939]
8330858 [2.8169837, 2.7311873, 2.5187244]
8333022 [2.8511999, 2.7997558, 2.6135683]
8342393 [2.8467298, 2.8032062, 2.6568964]
8343189 [2.6271706, 2.5623798, 2.4272115]
8350480 [2.6203318, 2.5635066, 2.3514252]
8353252 [2.4877174, 2.4008229, 2.1340623]
8381229 [2.7735064, 2.6969056, 2.548332]
8394767 [2.7430828, 2.6867604, 2.4348648]
8405996 [2.7668128, 2.7161226, 2.5774088]
8407015 [2.4788802, 2.395342, 2.111874]
8465410 [1.961932, 1.8836424, 1.6510142]
8495678 [2.875671, 2.8293533, 2.7033987]
8501307 [2.8071861, 2.7547781, 2.591879]
8513629 [2.6871223, 2.5276651, 2.2611656]
8517502 [2.823878, 2.7747798, 2.6447172]
8551979 [2.444964, 2.36285, 2.328556]
8561102 [2.842942, 2.808569, 2.6756086]
8568139 [2.1830032, 2.1252537, 2.0033245]
8582082 [2.8102489, 2.7564719, 2.5896728]
8583382 [2.7641492, 2.6934667, 2.478693]
8591851 [2.8189704, 2.7289677, 2.5582788]
8595906 [2.8301575, 2.7652323, 2.5277414]
8597469 [2.5685885, 2.58612, 2.4482167]
8601186 [2.6083179, 2.480291, 2.2521334]